0 0.3359375 0.85546875 0.15390625 0.09453125
1 0.06171875 0.75234375 0.0390625 0.04375
1 0.24296875 0.69375 0.02734375 0.0265625
1 0.296875 0.67421875 0.0171875 0.015625
1 0.36015625 0.6515625 0.0171875 0.01171875
0 0.19140625 0.7671875 0.10078125 0.059375
0 0.56171875 0.85390625 0.09375 0.09453125
0 0.4390625 0.77890625 0.07265625 0.06171875
0 0.45625 0.73125 0.05625 0.0375
0 0.5796875 0.74921875 0.07265625 0.04609375
0 0.59296875 0.70703125 0.0546875 0.03671875
0 0.49921875 0.709375 0.0515625 0.0359375
0 0.40390625 0.6984375 0.05234375 0.0390625
0 0.2828125 0.7234375 0.08828125 0.0328125
0 0.3453125 0.68671875 0.0484375 0.025
0 0.38515625 0.66796875 0.03515625 0.01953125
0 0.4515625 0.67734375 0.03203125 0.02265625
0 0.4578125 0.66015625 0.05390625 0.01328125
0 0.51953125 0.671875 0.034375 0.02109375
0 0.50234375 0.6828125 0.0453125 0.01640625
0 0.571875 0.675 0.05546875 0.0265625
0 0.5984375 0.684375 0.04453125 0.01640625
0 0.5875 0.65625 0.03046875 0.0125
0 0.5375 0.6546875 0.03125 0.015625
0 0.4890625 0.64921875 0.0375 0.0078125
0 0.43046875 0.65 0.0265625 0.01953125
0 0.45625 0.6390625 0.0296875 0.0109375
0 0.4296875 0.62734375 0.02265625 0.01171875
0 0.40546875 0.62578125 0.03046875 0.01015625
0 0.465625 0.62890625 0.01640625 0.00859375
0 0.496875 0.6375 0.03046875 0.0109375
0 0.5421875 0.63671875 0.03671875 0.0140625
0 0.58828125 0.64375 0.034375 0.0125
0 0.58671875 0.6296875 0.03671875 0.01328125
0 0.54765625 0.61875 0.025 0.0109375
0 0.50234375 0.62734375 0.0265625 0.00703125
0 0.48125 0.61953125 0.01875 0.009375
0 0.509375 0.61796875 0.0265625 0.009375
0 0.49140625 0.61015625 0.02109375 0.00546875
0 0.51796875 0.6078125 0.01640625 0.009375
0 0.55 0.60859375 0.01875 0.00859375
0 0.578125 0.615625 0.02109375 0.01328125
2 0.66953125 0.63828125 0.0625 0.04453125
0 0.18984375 0.9484375 0.1984375 0.10234375
0 0.55234375 0.9671875 0.1671875 0.065625